version https://git-lfs.github.com/spec/v1
oid sha256:18b38322158e25e81ee7d3a5a43af8faeee53232f486b24dde2925a3754e13ff
size 158623
