version https://git-lfs.github.com/spec/v1
oid sha256:48a6a243507123a7019b1eb38d76e48805e73e0ad6b76c9a206e6d8de25f3f29
size 158045
