version https://git-lfs.github.com/spec/v1
oid sha256:db2b553390d0b521f01991df68240d2edc2f463b86b512b83d03b1b4c5cf94ba
size 157702
