version https://git-lfs.github.com/spec/v1
oid sha256:461dfdfb77a7e91fd81e52992849a741bd2a19bd3eac0371620d67886074157d
size 162104
