version https://git-lfs.github.com/spec/v1
oid sha256:0419af01276895d137d725f337154a4363093c1c48df390eb5046e8aecc2f3fa
size 163562
