version https://git-lfs.github.com/spec/v1
oid sha256:c2b7fc4df6437b8b691beb780f412fab5b5b681776918561cbcad14a26f2dda4
size 162155
