version https://git-lfs.github.com/spec/v1
oid sha256:d8faf63711b40b0dd0b0fdb5d9bd57c7b9170ca6d98d58495e1908f58a62ffea
size 162264
