version https://git-lfs.github.com/spec/v1
oid sha256:d60911fc7f5bd5d1c31a6eb840cfdc1ff1167d00a6bd87a28594da05855d6236
size 445930
