version https://git-lfs.github.com/spec/v1
oid sha256:e2eba9a40b2d62048436c47704cb683b8e19e332977b9e46ac71f60769242657
size 158647
